java UnitTest
51
51
51
31
31
31
79
79
79
23
23
23
	0	23	0
	53	-97	52
	-45	0	83

-154997
-101177

90
90
90
-44
-44
-44
	0	-44	15
	0	-58	0
	51	-95	0

44370
0

-91
-91
-91
	-91	-3	0
	74	0	0
	86	0	72

15984
0

-57
-57
-57
	0	-57	0
	0	-4	-56
	-83	0	46

-264936
0

-88
-88
-88
	0	-88	-50
	82	93	0
	13	-46	0

249050
0

-81
-81
-81
	0	0	-81
	-77	-80	-80
	0	-31	20

-193347
0

-88
-88
-88
88
88
88
	0	18	88
	-40	0	0
	-86	65	86

-166880
-228800

-81
-81
-81
44
44
44
	44	-24	0
	-18	97	59
	0	0	-41

-157276
17712

43
43
43
	43	54	-25
	0	0	-40
	86	21	3

-149640
36120

58
58
58
	58	-93	-17
	0	99	0
	69	0	0

116127
0

-53
-53
-53
	0	0	-53
	-91	-98	0
	82	0	0

-425908
0

-47
-47
-47
24
24
24
	24	0	-37
	0	-97	-60
	-75	0	30

199335
0

-4
-4
-4
